-0.00029593613624064475,0.00716198868179441,0.005442339179428884,10.0
-0.00028096429810897737,0.007202123641678711,0.005409779168276276,1010.0
-0.00027694337370245525,0.0071697940735101755,0.005435313915088932,2010.0
-0.00024988973033140667,0.0071520194546307436,0.005436702001805055,3010.0
-0.00027374774165171565,0.007150441420846314,0.0054454231007364335,4010.0
-0.0002615227175628194,0.007171079317356389,0.005461947243408795,5010.0
-0.00022028587962361003,0.0071525972121223485,0.005405335252134627,6010.0
-0.00025834353439734405,0.007169834693644439,0.005360390404761852,7010.0
-0.0002393634819218224,0.0071711906090735494,0.005354458154764783,8010.0
-0.00025144154429073724,0.0071704372784035415,0.005380954819058522,9010.0
-0.00023365092600209256,0.007158228472456227,0.005380809744341637,10010.0
-0.00024569083566710487,0.007138399688730089,0.00539636852986063,11010.0
-0.0002972494937218864,0.007169273982906537,0.00540702279094877,12010.0
-0.0002700726039316162,0.007157534002686452,0.005401349920508123,13010.0
-0.00029100631970671413,0.007131521047443928,0.005433578439599954,14010.0
-0.0002842522666292384,0.007121766221379208,0.0054441179300712145,15010.0
-0.0002741568103153681,0.00717377337373542,0.005464360086220646,16010.0
-0.00025054511536931373,0.007196149686912699,0.005407104315243666,17010.0
-0.00023272810877026558,0.007178392386524916,0.005415588718381302,18010.0
-0.00027687549057849557,0.007186041639466862,0.005442398025908449,19010.0
-0.0002997986982941163,0.00716329898516216,0.0054390347601561044,20010.0
-0.00027909306421325364,0.007146312201972567,0.005428346775120477,21010.0
-0.0002893909253045661,0.007132374423413798,0.005421641760804405,22010.0
-0.0002796618958211654,0.007116018793109502,0.005415519611733707,23010.0
-0.0002882050925707676,0.007120039535582412,0.005417375827008056,24010.0
-0.0003294278715284756,0.007130158500071378,0.005433946815144074,25010.0
-0.00033835731020836,0.007144498807715229,0.005428887276329302,26010.0
-0.0003640178864134934,0.007151021439870848,0.005455267712188383,27010.0
-0.0003666316493456888,0.007151997683095797,0.005470244526226205,28010.0
-0.00039428536797628304,0.007176419043582056,0.005444703959361902,29010.0
-0.00041678423164153317,0.007183174754193123,0.0054552197023002855,30010.0
-0.00043062713205203353,0.007165268056229273,0.005440569877769973,31010.0
-0.0004362738109743904,0.007143435610218348,0.005429938467341546,32010.0
-0.00042932365206294504,0.007135479543477055,0.00542104185196184,33010.0
-0.00041708688541584237,0.007137551766673898,0.005392766064577206,34010.0
-0.0004153308832583454,0.007133317029654155,0.005389452864205691,35010.0
-0.0004223237089050756,0.007162673242882135,0.005384640460274325,36010.0
-0.000414864360131125,0.007173778197102328,0.005376004001197448,37010.0
-0.00042475930524625853,0.007164118806979479,0.0053417637530742135,38010.0
-0.00040584621158298124,0.0071352231211891815,0.005364309771535322,39010.0
-0.0004052710022731387,0.0071458434113143105,0.005341776042013844,40010.0
-0.00040810010714112773,0.007130971892544613,0.005343705294384287,41010.0
-0.00040178757807357725,0.007097432500412346,0.005326130763130195,42010.0
-0.00038771708958941807,0.007120391514712033,0.005320082820313522,43010.0
-0.00038051431670251955,0.007147914354014246,0.005332230305377967,44010.0
-0.0003815798839070671,0.00717190096788764,0.005332774337197904,45010.0
-0.0003625346374536768,0.0071775483000741745,0.005319267802319425,46010.0
-0.0003680979354485568,0.00716420973554066,0.005316327845933877,47010.0
-0.0003523037350726056,0.007178895571602092,0.005333392175931397,48010.0
-0.00035576410493346866,0.007169920261665951,0.005332991395070243,49010.0
-0.00039408738483120244,0.0071868705797416155,0.0053485825485182536,50010.0
-0.00041965220704984993,0.0071965214371702505,0.005327138748688592,51010.0
-0.0004212694867938552,0.007219291695101604,0.005317909153514832,52010.0
-0.00041346501777121745,0.00719838730168449,0.005331405888654068,53010.0
-0.00037913702063089184,0.0072026514718536655,0.005313872622420734,54010.0
-0.00037301008107258995,0.007176755173845227,0.00532104717735573,55010.0
-0.00037005684068425014,0.007192510147892533,0.0053160406460857155,56010.0
-0.00036946017734321406,0.0072155535959056265,0.005327086347926744,57010.0
-0.0003645109388766805,0.00722142339239714,0.00529971021499998,58010.0
-0.0003769594834541859,0.007222846797806548,0.005330829804324009,59010.0
-0.00036951887987982996,0.007224546578355294,0.005308606174279498,60010.0
-0.0003975904621319991,0.00720160680478742,0.005309190869907885,61010.0
-0.000406122217888515,0.00721012468485118,0.005311185337028418,62010.0
-0.00040174984120068297,0.007254574624265684,0.0052898889682043825,63010.0
-0.00041360921742477773,0.007241587032988118,0.005335063486490266,64010.0
-0.0003855315649745953,0.007227879116534106,0.005342949196369321,65010.0
-0.000428844853771691,0.007226109842689656,0.005361051915673729,66010.0
-0.0004092841893909685,0.0072107454469344905,0.005350646481766616,67010.0
-0.00038548451901854457,0.007237317710151612,0.00533137502965004,68010.0
-0.00040148719347191694,0.007226868165052502,0.005373324381031473,69010.0
-0.0004035985108973763,0.007229007602144626,0.0053699429209524314,70010.0
-0.00040868627772472864,0.007179723630862865,0.005360049511299787,71010.0
-0.0004059838615664237,0.007162818402950884,0.005361146284468698,72010.0
-0.0003816254644686866,0.0071743602093171,0.00535079897891349,73010.0
-0.00038558359404406096,0.007165650122694876,0.00535905616805732,74010.0
-0.0003657357717369491,0.007138042562562673,0.005373987640620923,75010.0
-0.0003566371697041346,0.007100929826155286,0.005384350347747057,76010.0
-0.00035192366586125624,0.007095116447272699,0.005408013956699979,77010.0
-0.00035306193215454187,0.007095410392190132,0.005407831975261751,78010.0
-0.0003587871189121761,0.007103330471479052,0.005379555414489685,79010.0
-0.0003742477047316085,0.00707442555344026,0.00540328571696538,80010.0
-0.000355076666484601,0.0070550442498834715,0.005404858772627091,81010.0
-0.0003605041835460963,0.007046203678785148,0.0054169824704094925,82010.0
-0.00035550121571774736,0.00705381105593386,0.005429467396458788,83010.0
-0.00039158148633604853,0.007089899939498859,0.005428575072513123,84010.0
-0.0003750529363720377,0.007072293867189242,0.005388756282818626,85010.0
-0.0003682687049338854,0.0070895405686303625,0.00540732161475862,86010.0
-0.0003468466794537809,0.007089700071715468,0.005432181219274515,87010.0
-0.00034209135351094636,0.007064174109725004,0.0054418053617971635,88010.0
-0.0003434556529316819,0.007053162168840115,0.005439739836369663,89010.0
-0.00034058812899351185,0.007040193454309238,0.0054502464676191445,90010.0
-0.000341054515997167,0.0070890616948152164,0.0054279624746636,91010.0
-0.0003401884970088568,0.007110140255816677,0.005448114758988596,92010.0
-0.0003445279390451236,0.0070974834738436795,0.005426990206334872,93010.0
-0.00034183044580075845,0.007110340243041406,0.005440665512205522,94010.0
-0.00036386585269636984,0.007129307137490018,0.005411227309769822,95010.0
-0.00036566472544845443,0.0071283962632226715,0.005425852239085285,96010.0
-0.0003938585550732594,0.00713376820991241,0.005430231630153487,97010.0
-0.00038564198079873866,0.007095255731454535,0.005426239199247648,98010.0
-0.0003979113235495241,0.007083430238869881,0.0054364774271110725,99010.0
-0.0003868752965340619,0.007087201029655623,0.005419932301455241,100010.0
-0.00037930565658474336,0.007133411774715457,0.005389375106737278,101010.0
-0.00039017005641486455,0.007127315548973533,0.005344238034452167,102010.0
-0.0003504723180912766,0.007145151992192566,0.005366825602452761,103010.0
-0.00032097286653031277,0.0071596364246024015,0.00533876211429575,104010.0
-0.0003068221672473422,0.007169128610278539,0.005346474850686869,105010.0
-0.00034307312917094467,0.007131682623100976,0.005338794855872259,106010.0
-0.00036145713567133336,0.007133428337979742,0.005340563519662633,107010.0
-0.0003800345026830198,0.007141506251498366,0.005318733369301945,108010.0
-0.0003812989385729823,0.007121483865762737,0.00532456330291129,109010.0
-0.0003889977765419992,0.007133780626141324,0.00531289923603366,110010.0
-0.0004222004785783137,0.007125811421796328,0.005295689803422833,111010.0
-0.00045067944843305035,0.007140609387518342,0.005267273625840164,112010.0
-0.0004229341521696818,0.007147182460355544,0.0052562554925935576,113010.0
-0.0003677242145591655,0.007136253890188402,0.0052596188269109405,114010.0
-0.0003670931257573747,0.007154680723849958,0.005270852177415263,115010.0
-0.00037218628976883516,0.007144941775593051,0.005271998032477422,116010.0
-0.0003337066067695803,0.00712714007858331,0.005250188504334724,117010.0
-0.0003682643599702009,0.007133525822880399,0.005272017585200279,118010.0
-0.0003880038001720044,0.007099454168391689,0.005275081325664432,119010.0
-0.0003650171543991983,0.007069483714222796,0.005295897504240948,120010.0
-0.0003698913515710137,0.007078581881794681,0.005281538637619084,121010.0
-0.00037466117794670184,0.0070808647943253105,0.005265327261437861,122010.0
-0.00035938972374205934,0.007056923635840371,0.005286018166882261,123010.0
-0.0003570169123745379,0.007050663781488142,0.005321857496294595,124010.0
-0.00034177020470018034,0.0070709785355904595,0.005320383431827736,125010.0
-0.00037907837392211547,0.007101731923628882,0.005309322763682593,126010.0
-0.00034745079189332036,0.007087326346037051,0.005277700054394951,127010.0
-0.00033696680301738096,0.007093939323627712,0.005295549446964355,128010.0
-0.0003394456303757766,0.007084286439976137,0.005296736320666287,129010.0
-0.00031708031225724797,0.0071101405901853095,0.005299428762751385,130010.0
-0.0002895729875289204,0.007110949302140221,0.005291143006858453,131010.0
-0.00031610153705168356,0.007078092705469885,0.0052604271793025344,132010.0
-0.0002813948809047044,0.007127709055901151,0.005249685269607171,133010.0
-0.0002820535126147294,0.007111176211473334,0.005234230651380016,134010.0
-0.00026910589698214476,0.007153773356523576,0.005234284484374831,135010.0
-0.000268736286064501,0.0071523310933417515,0.0052541219285727955,136010.0
-0.0002642968078871111,0.007155814991150889,0.005251603097609176,137010.0
-0.00024883080535905886,0.007144753444025553,0.005202652041706192,138010.0
-0.0002971740835185282,0.007132960040885507,0.005205945534236763,139010.0
-0.00029425587870679927,0.007142212285947018,0.005202776421808077,140010.0
-0.000301158124553605,0.007131287470078328,0.005197782362907426,141010.0
-0.0003197995716872351,0.007152689126567846,0.005222400091421823,142010.0
-0.00029507970770819956,0.00716988662463993,0.005230765201740825,143010.0
-0.000300173528553457,0.007157973635387827,0.005213642134546962,144010.0
-0.00028140899819267736,0.00716195799032689,0.005217365890157673,145010.0
-0.0002807091053553425,0.007160215307434235,0.0052028941581446445,146010.0
-0.00027032068481330806,0.007145436565380919,0.005257458538802399,147010.0
-0.00023450180300879192,0.007154462573384857,0.005238208589233534,148010.0
-0.0002660181024162216,0.007149978965223798,0.005200089541765537,149010.0
-0.0002723554329247813,0.007129684673564547,0.005202530516464669,150010.0
-0.0002723795625392487,0.007108869944993446,0.005207413684647441,151010.0
-0.00025893094984837773,0.007131974056033816,0.005214789578304107,152010.0
-0.0002929507170020528,0.007150306279204165,0.005189857642858315,153010.0
-0.00032432998526343084,0.0071664930341756305,0.005174479659028965,154010.0
-0.0002585818163028261,0.007190318735557935,0.005168895088203295,155010.0
-0.00024293191654642076,0.007171916867482388,0.005174894907498201,156010.0
-0.00026883677476211487,0.007179804087010356,0.005176204423859541,157010.0
-0.00029400290967360225,0.007163108695153956,0.005169438344596368,158010.0
-0.00033336831939920203,0.007160113078876743,0.005189705881183902,159010.0
-0.00035928959557499486,0.0071693530677929326,0.005168483068597005,160010.0
-0.0003433996551113944,0.007168412689477087,0.005150412702437981,161010.0
-0.000350272579213366,0.007167066518936762,0.0051520557295794195,162010.0
-0.0004081389483559461,0.007186534159030563,0.005145476812318919,163010.0
-0.0003974065876612747,0.007212481843771777,0.005177965222658687,164010.0
-0.00040195596546338676,0.007219080992531198,0.005195594721631614,165010.0
-0.00043241445910151104,0.007206394984031693,0.005185057070661245,166010.0
-0.00046807164145546066,0.007220201832870386,0.005203826333616888,167010.0
-0.00044051651443873977,0.007216106291893464,0.005221918248658578,168010.0
-0.00041325074799374354,0.007230898219466487,0.0052376581375746835,169010.0
-0.00039316729374683245,0.007236135015371674,0.0052133093886753135,170010.0
-0.0003935682570309077,0.0072597142927367546,0.0052364395084371585,171010.0
-0.0004052592375477448,0.007258616963038335,0.005224938826511445,172010.0
-0.00041989515504639303,0.0072590837226676344,0.005245716708673951,173010.0
-0.0003898353356600857,0.007259657610199912,0.005225629579641904,174010.0
-0.00038200160484798103,0.007256316731032282,0.0051968075218978916,175010.0
-0.00040975543430341716,0.007220412262491207,0.005186918251903626,176010.0
-0.0004419863792590489,0.007219606791058418,0.0051771459624736895,177010.0
-0.00044134352306482227,0.00720317844915394,0.0052070347581434535,178010.0
-0.00046321009419864794,0.007210278377385518,0.005208569559223181,179010.0
-0.00043657220271911524,0.007215481870594299,0.005198069467479295,180010.0
-0.00044392516309397904,0.007209529183479,0.005193479214788258,181010.0
-0.0004458846062710058,0.007245745153139945,0.005179422730241992,182010.0
-0.00044193331129893995,0.007215621740609361,0.005194458195979052,183010.0
-0.0004487792909158314,0.007228803331564976,0.005215518289162273,184010.0
-0.00044239596117443024,0.007264853853101286,0.005213974065821031,185010.0
-0.00044794752418373166,0.007292895303555767,0.005246092115953342,186010.0
-0.00048824556814531676,0.007340812439481681,0.005270964967523239,187010.0
-0.0005084848735968085,0.0073156696968224395,0.0052971790912055205,188010.0
-0.0005301028391347976,0.0073546500997358835,0.00528954061829859,189010.0
-0.0005293686326800112,0.007362997940071334,0.005295958314892876,190010.0
-0.0005282199303261907,0.0073488918455922175,0.005294204214088246,191010.0
-0.0005489898664346466,0.007324022966791568,0.005298986601756731,192010.0
-0.0005349650078013248,0.007313796671166124,0.005312290853819274,193010.0
-0.0005038411034826397,0.0073199132110684335,0.005302929937353358,194010.0
-0.0005109877881087819,0.007368131892422964,0.005310061008683741,195010.0
-0.00048283165298303177,0.007365918763081829,0.0053359063689373985,196010.0
-0.0005036606709621364,0.007341954461900629,0.0053212132736975585,197010.0
-0.0005026987495482507,0.007346107883921259,0.005331533069223251,198010.0
-0.0005000591504439915,0.007364676539111316,0.005342430649416911,199010.0
-0.0005135372250233783,0.007393006627855652,0.005334277710407178,200010.0
-0.0005241826704222292,0.007381315514594268,0.005360720878797459,201010.0
-0.0005460321810206696,0.007368232364386176,0.005341868410853299,202010.0
-0.0005637038833829844,0.007371357007828402,0.005345512284234975,203010.0
-0.0005600098778715978,0.007400143973126598,0.005296784630130534,204010.0
-0.0005566056456845521,0.007398175463039292,0.005304016445764451,205010.0
-0.0005366850439543193,0.007399840772586112,0.005291553259590173,206010.0
-0.0005389863625961956,0.0074130541515287935,0.005313674769184396,207010.0
-0.0005472081924820514,0.007410472664112494,0.005301232521722305,208010.0
-0.0005405426223256851,0.007378933778089123,0.005288720325618645,209010.0
-0.0005481004768614852,0.0073830119122247715,0.005260956059128724,210010.0
-0.0005413535962923624,0.007348022128487973,0.005274154209350099,211010.0
-0.0005252355910198713,0.007356521513065515,0.005276295827079762,212010.0
-0.0005206044060482517,0.007363980220011027,0.005268241911361748,213010.0
-0.0005699543076804276,0.007360755023159228,0.005265735907461495,214010.0
-0.0005651564267444921,0.007362868395411737,0.0052623144057952365,215010.0
-0.0005542571051299109,0.007376337166454629,0.005257677549409435,216010.0
-0.0005302029544156251,0.0073509026381300725,0.005296779902497453,217010.0
-0.0005342013556966812,0.007351120332611898,0.005317119073375184,218010.0
-0.0004973137813497852,0.007347148719083142,0.005305689800669016,219010.0
-0.0005024226806990232,0.007339717923850074,0.005314993794851306,220010.0
-0.0005129890754983855,0.007341312872598875,0.005352639318917018,221010.0
-0.00047823031432254093,0.00732270736791929,0.0053513148387821724,222010.0
-0.0005111197239361181,0.007318141774514947,0.0053519769422284745,223010.0
-0.000503832478356256,0.0073516664949258275,0.005346614386442308,224010.0
-0.0004883300449656511,0.007363675832326557,0.005364538087554302,225010.0
-0.0004676956238379824,0.0073652130424188495,0.00538190770499138,226010.0
-0.00046573574543373216,0.0073395968639729265,0.0053699630471230105,227010.0
-0.0004875300321512211,0.007351122016840995,0.005385576242618325,228010.0
-0.0004935021419532106,0.007351470862432902,0.005417631470589643,229010.0
-0.0004839727088104544,0.00734992182132219,0.005448432640715035,230010.0
-0.00044800571337288156,0.007341276309778254,0.005433862789280322,231010.0
-0.00041559457441109365,0.007375525744470736,0.0054728375642438855,232010.0
-0.0004269673369361795,0.007381765900019092,0.005471611998331427,233010.0
-0.00042479483976374247,0.007401923117662524,0.005485931435185131,234010.0
-0.0004294716990880809,0.007418047220050764,0.005498856134394075,235010.0
-0.0004462288150472884,0.0074047720900413845,0.005482544817901696,236010.0
-0.00044997665588816815,0.007399494168502994,0.0055032764697605,237010.0
-0.00046891834088006004,0.007423395964354029,0.00550897472175589,238010.0
-0.0005020108344232711,0.007412828025258036,0.0054709474737380005,239010.0
-0.0005199693297490754,0.007451811641914801,0.005465677374636261,240010.0
-0.0005409519005232106,0.007432306048962231,0.005459677436418819,241010.0
-0.0005387414248983879,0.007427273723925103,0.005460907245456407,242010.0
-0.0005419348477765265,0.007382460747301889,0.005435958252440221,243010.0
-0.0005136774873623199,0.007381255958992919,0.005440628551256867,244010.0
-0.0005433144172716098,0.007361757262428832,0.005436715409371599,245010.0
-0.0005166955683567212,0.007401253929822598,0.005442855890800583,246010.0
-0.0005201605660429297,0.00740414048031112,0.005460353812372514,247010.0
-0.000532524372350568,0.007377085231118973,0.005485370585386939,248010.0
-0.0005307932591273634,0.007401838894388951,0.0054664127179578186,249010.0
-0.0005161590367181283,0.0073980547857894225,0.0054719759067683085,250010.0
-0.0005108108509705902,0.007408324702702255,0.005505842628433074,251010.0
-0.000498715311723967,0.0074260701297764135,0.005511862343180011,252010.0
-0.0005066999851359677,0.007424674343666215,0.005508456885990701,253010.0
-0.0005009704202960307,0.007409575194478949,0.005495713834620019,254010.0
-0.0005037592477746035,0.007412005832416651,0.005502881210436835,255010.0
-0.0004862486173292202,0.007404952480714271,0.0055170312430649114,256010.0
-0.0004535746838911608,0.007423183062153009,0.005504766910420879,257010.0
-0.00043884877955829355,0.007400144529898844,0.0054695959435407965,258010.0
-0.0004648149248693308,0.007426860331543551,0.005476341362648931,259010.0
-0.0004479676517512752,0.007419368046339439,0.0054679350482934545,260010.0
-0.0004309412710838606,0.007437465834402393,0.00545863461257835,261010.0
-0.00044057617103180003,0.007456646595527558,0.005487339063362089,262010.0
-0.0004639917602556612,0.007424752458235943,0.005519989221612173,263010.0
-0.0004915644251049404,0.007444994393859977,0.005504440710062828,264010.0
-0.0004657886728820293,0.0074575681229053165,0.0055276531827259555,265010.0
-0.0004818129662720855,0.007481102101468582,0.005518911082286885,266010.0
-0.0004799639127027459,0.007482431614996866,0.005500202750375239,267010.0
-0.0004983633979184579,0.007531283753931674,0.005505964696518212,268010.0
-0.000524779008246379,0.0075427823011039105,0.005487626090425086,269010.0
-0.0005369380048659837,0.0075401606593467965,0.005538099254846765,270010.0
-0.0005166522212294818,0.0075430729494555026,0.005540313769166261,271010.0
-0.0004896119641612663,0.007534353194016072,0.005520973005364977,272010.0
-0.00047462025698809306,0.007557864693419701,0.005503133556368293,273010.0
-0.0004583381069235159,0.007561079213873276,0.005509246137229793,274010.0
-0.000485926244710764,0.007533957820459784,0.005481407392886848,275010.0
-0.0004593574811841555,0.007542115597687687,0.005509313141800395,276010.0
-0.00046972199708049227,0.0075451537326821335,0.0055211401685486385,277010.0
-0.0004812755787413392,0.007570469668216237,0.005501469935641126,278010.0
-0.0005188360112497596,0.007583883545671076,0.005506719977553258,279010.0
-0.0005223388855401264,0.007597758394455676,0.0055268269889922755,280010.0
-0.000527792113682998,0.007594220761289234,0.005534219862720961,281010.0
-0.000537399921905987,0.007611878547290905,0.005576905410756535,282010.0
-0.0005423035798473557,0.007620184372807235,0.005604852061780744,283010.0
-0.0005402699085420183,0.00764883663506368,0.005632051422863887,284010.0
-0.00056522756372198,0.007652168671457443,0.005631412034589102,285010.0
-0.0005923613277370636,0.00761959979799102,0.005610366680201114,286010.0
-0.00061584075287714,0.007620811311868886,0.0056029515677957975,287010.0
-0.0006129361973645606,0.007603369043816318,0.005549909087219241,288010.0
-0.0005847780402998014,0.007605188195953944,0.005567636235165911,289010.0
-0.000582185133262751,0.007622352689603548,0.005574248248295597,290010.0
-0.0005799307450282665,0.0076282032874712274,0.005599619639493081,291010.0
-0.0005553291594822836,0.007629619564789271,0.005622702226141853,292010.0
-0.0005673649127733414,0.007617879604927004,0.00566518681161075,293010.0
-0.0005258978997866141,0.007625483554176743,0.005667312321519628,294010.0
-0.0005032998254793912,0.007658204110232733,0.00563871638378216,295010.0
-0.000502059315896597,0.007627613231252903,0.005679387298401045,296010.0
-0.0005491077438482429,0.007657581744601124,0.005697781504080094,297010.0
-0.0005386602500792331,0.007657098843348029,0.00570715554060365,298010.0
-0.0005206080290579673,0.007657107470386646,0.005725140543100847,299010.0
-0.0005022253561955786,0.007658954719694428,0.005733286208282058,300010.0
-0.0005144202535811832,0.00763534141798288,0.005740917236354934,301010.0
-0.0004987076255554586,0.007625212407068603,0.005753336850189071,302010.0
-0.00048404761762088205,0.007601255430636113,0.005782756125566059,303010.0
-0.0004759624549249142,0.007595996224161307,0.005778684637899869,304010.0
-0.00046615041035314553,0.0075878469776404665,0.00577348270414239,305010.0
-0.0004915934897661471,0.007606497683677165,0.0057594621015467475,306010.0
-0.00046851425855111537,0.007608441398434375,0.005773612651764693,307010.0
-0.0004903371548398927,0.007588525300532905,0.005776860700159909,308010.0
-0.00047976550666737597,0.007596820566882422,0.005754511199263385,309010.0
-0.0004785238380516221,0.007587858009555234,0.005757544203252496,310010.0
-0.00046609431643031236,0.00757446222180331,0.005769430465470156,311010.0
-0.00046801923546441925,0.007565769700106487,0.00571596966924593,312010.0
-0.0004994190550461025,0.007576490754594613,0.005698069773450737,313010.0
-0.0005035753204638236,0.007584517028100725,0.0056789644529178715,314010.0
-0.0004974093022334564,0.007590601422977055,0.005663794108326574,315010.0
-0.0005224632054747949,0.007551827074541484,0.005686565565994524,316010.0
-0.0005122311158704427,0.007549652268073372,0.0056944966124822015,317010.0
-0.0004845845186547309,0.007560324397641932,0.005698130962134105,318010.0
-0.00046944859474849744,0.007542059715503232,0.005660003845914685,319010.0
-0.0004443253237572043,0.00753122384607929,0.005644670932587782,320010.0
-0.0004428095403950357,0.00752992425815024,0.005638346995647437,321010.0
-0.00043704794246309854,0.007513389952766492,0.005599931320252998,322010.0
-0.0004470516692019768,0.007505227718190779,0.005607178361990457,323010.0
-0.0004565809920324344,0.0074644119696149645,0.005608332789615454,324010.0
-0.00045795490255581367,0.007457968584939918,0.005592301626310655,325010.0
-0.00047306866813985165,0.007475398132714215,0.0055887956757774086,326010.0
-0.000511767642644807,0.007485181417150862,0.005607626102756332,327010.0
-0.0005295737397090217,0.0074579976711066295,0.005594795013336334,328010.0
-0.0005501447426410649,0.007441687198358556,0.005583161501593243,329010.0
-0.0005673860476009199,0.007418012462071024,0.005626516147741582,330010.0
-0.0005811839298781957,0.007394221949157674,0.005647180372493797,331010.0
-0.0005736854056087522,0.007393238896491249,0.005686176863827067,332010.0
-0.0005660728987581164,0.00739854356547465,0.005678880066242837,333010.0
-0.0005510658036802578,0.007376725117466219,0.005655304535890608,334010.0
-0.0005713793804633617,0.007376868249639776,0.005628806967994868,335010.0
-0.0004990614707473162,0.007392095297523207,0.005598467144900637,336010.0
-0.0004707345539940548,0.007398421025691311,0.005630664535305698,337010.0
-0.00045526576750046964,0.0073971142395506265,0.005640047318598211,338010.0
-0.0004451048711506691,0.007371139615096894,0.005636219290326676,339010.0
-0.00042909169393963263,0.007381436670119361,0.005650210983310575,340010.0
-0.00041781227221185293,0.007402722883655743,0.005661463292508971,341010.0
-0.00044961746254148995,0.007417658673371943,0.005654458683597418,342010.0
-0.0004582663299757984,0.007427575882854688,0.005662213014728303,343010.0
-0.0004429846021017527,0.007455093897782675,0.0056205122345252215,344010.0
-0.0004512971894168316,0.007476963270009127,0.005612795148812462,345010.0
-0.00045031662061072885,0.0074609363599405,0.0055795037125960095,346010.0
-0.0004768769637024247,0.007489831397597644,0.005579256852111606,347010.0
-0.00048547227263520307,0.007497736307795418,0.005581508970342899,348010.0
-0.00048005047028045676,0.007480170365442577,0.005564650195830637,349010.0
-0.0004631867165259415,0.007485776412890993,0.005529230931315057,350010.0
-0.0004535462845020177,0.007505238451618595,0.005553961364210222,351010.0
-0.0004413916791904485,0.007501376237659571,0.005551528640769872,352010.0
-0.0004082198917218518,0.007480426746836671,0.005557088282300509,353010.0
-0.00039171430433562065,0.007492567415992601,0.005515795535255227,354010.0
-0.0003666752953222176,0.0075063995707471175,0.005509446908284514,355010.0
-0.00036163278171102493,0.007515672135711731,0.005537417581342509,356010.0
-0.00036320087823353716,0.0074922911774385524,0.005515881007760626,357010.0
-0.0003871531848538871,0.0074852390119641175,0.005521239613407613,358010.0
-0.00038031786215955704,0.007460881665149904,0.0055223056936164125,359010.0
-0.0004214399410806473,0.007506703275178969,0.005476152437301302,360010.0
-0.0004285061161080598,0.007492146687341384,0.0054697409497196925,361010.0
-0.0004196249282281944,0.007502245599080713,0.005488842920752527,362010.0
-0.00043188152428448877,0.0074957520999283525,0.005511231279546187,363010.0
-0.00044021880389100946,0.007484791833629465,0.005493682548676888,364010.0
-0.0004416434109199816,0.007502242810595325,0.005487452265633763,365010.0
-0.0004245116591802654,0.007484561393963805,0.0054627805958025214,366010.0
-0.0004363669529335354,0.007512139457282972,0.005483818633428872,367010.0
-0.00043722100487577666,0.007478005602696156,0.005509043299420421,368010.0
-0.00042444963744113967,0.007484477868611456,0.005542373296033878,369010.0
-0.00043775449170639267,0.0074786887054738614,0.005540754304478788,370010.0
-0.0004378887146678238,0.007458464433195763,0.005528651956457249,371010.0
-0.00042682464401578955,0.007432350808097057,0.005536676362460245,372010.0
-0.0004106903721994405,0.007409076609827279,0.005540042438051968,373010.0
-0.0004125234947327143,0.007397803407063891,0.005516907271520934,374010.0
-0.0003897354467659787,0.0073702228422626555,0.005557356103431632,375010.0
-0.0003743440701789545,0.007354593678474514,0.005556348066143915,376010.0
-0.000362226780225873,0.007352485083354028,0.005566501508938874,377010.0
-0.000330875291186981,0.007334126528184351,0.005535536572877253,378010.0
-0.00035166659174131116,0.007362458744627113,0.005479938901048843,379010.0
-0.0003680687638440127,0.0073329485513202826,0.0054812552803572495,380010.0
-0.00038477177940228594,0.0073436649393517,0.0054765376998289345,381010.0
-0.0003844651857288368,0.007332142808439628,0.005492528689919731,382010.0
-0.000391129289087111,0.007346326903086022,0.005462258230273361,383010.0
-0.0004296413096735938,0.007356776766195398,0.005499954335733089,384010.0
-0.0003970337820196107,0.007372875715669253,0.005522186610949994,385010.0
-0.0004051534552268254,0.0073974065424874435,0.005501961121914821,386010.0
-0.000394778169984641,0.007392451715801716,0.00549559028747544,387010.0
-0.00036553910260579746,0.0073727783229434445,0.005466959278022475,388010.0
-0.0003560169720338822,0.007368336185907886,0.005517973075405477,389010.0
-0.00036998111103322365,0.007377271450151633,0.005540982680813888,390010.0
-0.0003458364442832456,0.007369395429225885,0.005546722656600624,391010.0
-0.0003550657717816895,0.007369160183963529,0.005565399386164705,392010.0
-0.000348784608659053,0.007355305939526536,0.005556457660328528,393010.0
-0.0003214043701168862,0.007345393952749351,0.005530810342113778,394010.0
-0.0002939011843664807,0.007362803349484767,0.005569455621275283,395010.0
-0.0002676021870524714,0.007380954316136501,0.005558595354891426,396010.0
-0.0002671099097090793,0.007380023900701497,0.005565121345133278,397010.0
-0.00023308504717777564,0.007377857387906862,0.005549659518972118,398010.0
-0.0002660162120735941,0.00738868939180061,0.005563910551464848,399010.0
-0.00024457255646728987,0.007381693485423489,0.0055608063437902686,400010.0
-0.0002404089972653424,0.00738561815165453,0.005554583298596123,401010.0
-0.00027766505686267984,0.007402876584600438,0.005561434257854893,402010.0
-0.00027058409831401273,0.007387192082250199,0.005531654838992655,403010.0
-0.0002669847533150557,0.007404511435676777,0.005551877963496725,404010.0
-0.00025602871281063197,0.00740510894897076,0.0055808503116050534,405010.0
-0.00023726761145461038,0.007412403816823792,0.005564066752449472,406010.0
-0.0002529581545930016,0.0073783301426336625,0.005569629797000161,407010.0
-0.000251807174001323,0.00740922552333378,0.005574752103218652,408010.0
-0.0002520188209092073,0.00741361623118736,0.005572876037820283,409010.0
-0.0002442183374483813,0.007429524840094827,0.005554906999579183,410010.0
-0.0002894835970389824,0.007421320162601477,0.005530597513486964,411010.0
-0.00032598340070677414,0.007437541970253401,0.005545440555875128,412010.0
-0.00034736087643011594,0.0074444007611512725,0.00554103442930603,413010.0
-0.0003188286926071423,0.007476391907129616,0.005522904091175094,414010.0
-0.0003240775424154749,0.007490907237958369,0.005543402320243036,415010.0
-0.00033167627013638525,0.007514201129698649,0.005559243775422788,416010.0
-0.00034643168943705407,0.007483820140386765,0.005576336536919933,417010.0
-0.00032851702790040623,0.007512404986204693,0.00557294445946081,418010.0
-0.00035399093129717565,0.007497884928276619,0.005526812105023013,419010.0
-0.0003686546885877542,0.007468367317100201,0.005552585963610827,420010.0
-0.0003613173255198902,0.007481731426762387,0.00556309807046223,421010.0
-0.00033251580669208924,0.007472188405536911,0.005563902802827122,422010.0
-0.00034425891274184425,0.007479586865416689,0.005561538213999575,423010.0
-0.00035666079182298377,0.007477227938067385,0.005531719060177252,424010.0
-0.0003605602764260762,0.007487019213306185,0.005521092550843923,425010.0
-0.00035163535098199275,0.007520879673232167,0.005536241772348913,426010.0
-0.0003761769937931336,0.007529466541209326,0.005533246988170944,427010.0
-0.0003847939731788552,0.007533763492179262,0.005549626130897513,428010.0
-0.0003968896456490841,0.007539761193753769,0.005575098546935607,429010.0
-0.0003656912566541058,0.00752040987492784,0.005580927959062726,430010.0
-0.0003907232657870918,0.007512923428399919,0.005614591517747311,431010.0
-0.00040433177903351485,0.007497818130327433,0.005618694376885113,432010.0
-0.000415690647981189,0.007467109120443795,0.005638390994164208,433010.0
-0.0004153424502010013,0.007444780748846065,0.005631825232180938,434010.0
-0.0004010515474392188,0.0074215007601248755,0.005640119884114608,435010.0
-0.0004496124922508224,0.007424214906286716,0.0056488960215393385,436010.0
-0.00046641276576486675,0.007435485473050486,0.005678239296794358,437010.0
-0.0004444846530221108,0.007418259826824916,0.005703065733824631,438010.0
-0.00041535735871912536,0.007436015242401285,0.005708959416813641,439010.0
-0.0003598797798396826,0.007437806129442722,0.005666842264555079,440010.0
-0.0003589288415442446,0.007439375528225982,0.005681783514904705,441010.0
-0.0003517374105067856,0.007422843646302925,0.005625979214506245,442010.0
-0.0003603866770881476,0.007401689087588289,0.005648255921437374,443010.0
-0.0003437784293122591,0.007396893010753294,0.005645853676023147,444010.0
-0.0003290186512388471,0.00735287938056531,0.005646701251389414,445010.0
-0.0003636011710155137,0.007331235171759283,0.0056424912264188285,446010.0
-0.0003967138879270736,0.007347671225625662,0.0056475002647548445,447010.0
-0.0003952900770084276,0.007324044531521952,0.005630405995208228,448010.0
-0.0003605137680974031,0.00737814231177598,0.005632052581949152,449010.0
-0.0003295737723411351,0.007405911077444935,0.005635525237880748,450010.0
-0.000303581028735826,0.007414136588737396,0.005621392931162483,451010.0
-0.00029733435757771745,0.007422874302934969,0.005595421480240196,452010.0
-0.00027765645208146914,0.0074571913370570465,0.005620278430651373,453010.0
-0.00025444073135292623,0.0074253447533438295,0.005627503199561972,454010.0
-0.0002603838277633353,0.00742506320020462,0.005601539056762611,455010.0
-0.00027958154961336653,0.0074761668843039124,0.005559898444643353,456010.0
-0.00029139380992153005,0.007466984255813131,0.005551792736824439,457010.0
-0.0002807818528887156,0.007511554569429054,0.005587412806618858,458010.0
-0.0002454747932465691,0.007496834545768154,0.0056061932698535655,459010.0
-0.00018949845000368874,0.007494144799986076,0.0056178824740515405,460010.0
-0.00018969836368657518,0.007507789105847873,0.0056515033265937265,461010.0
-0.00016353231258019323,0.007492729841307484,0.005647212278122636,462010.0
-0.0001814370114290546,0.007491252079182609,0.005628498925452935,463010.0
-0.00021689914575414546,0.007471349675149993,0.005649606981314836,464010.0
-0.00025697300749966936,0.00745086801990376,0.00567335461668636,465010.0
-0.00022635659285668926,0.007461658247192354,0.005655836730849738,466010.0
-0.00021166607328518657,0.007459843623756879,0.00565118578360817,467010.0
-0.00021990161000707924,0.007462327323138684,0.005621505570593584,468010.0
-0.00019688745339227406,0.007472488874615313,0.005680225691211081,469010.0
-0.0002181406449933476,0.007444678451765872,0.005666590821077305,470010.0
-0.00022292741686519312,0.0074732190229797445,0.0056997653081068515,471010.0
-0.0002274386739367358,0.0074871295235264725,0.0056802892715331855,472010.0
-0.00024353341166258606,0.007482519176801984,0.005673029002514073,473010.0
-0.0002892629068643485,0.007510839776340601,0.005646284488950161,474010.0
-0.00031760159313803704,0.007500420397556699,0.0056037863879982355,475010.0
-0.0002932727159536148,0.0074565860001612845,0.005608948232374969,476010.0
-0.0003036907253435579,0.007455276010342864,0.005603020090730981,477010.0
-0.00034185040185994104,0.007459335515189654,0.005628524010587291,478010.0
-0.00037402698155325546,0.007438982754850078,0.005609761749349314,479010.0
-0.00038255395193307587,0.00742489850687768,0.0056053624660872235,480010.0
-0.00039646528867127805,0.007403544686363964,0.005634507335850695,481010.0
-0.00041654392157926186,0.007391132669844555,0.005618686806998279,482010.0
-0.00042311083667769634,0.007380727013465965,0.005628739057772306,483010.0
-0.00044196588698964113,0.007358663489312564,0.005610251665946563,484010.0
-0.00046755713212117805,0.007377196135777569,0.005606692543958229,485010.0
-0.00047838102755353514,0.0073699552817199625,0.005612920344280431,486010.0
-0.0004912475499872204,0.007378733467855115,0.00563299292504551,487010.0
-0.0004778865190417059,0.00737527848053175,0.005633537998629923,488010.0
-0.0004959838640679415,0.007365467031388128,0.005670793239639657,489010.0
-0.0005224187773342393,0.0073357111429625975,0.005706303035645757,490010.0
-0.0005047572205884624,0.007323959621966235,0.005738195383042467,491010.0
-0.0004907558815078125,0.007342003375947192,0.005726066357157744,492010.0
-0.0004924055481342569,0.007340668173194733,0.005717948812479834,493010.0
-0.000497781258456243,0.007334075227877267,0.005701955633677294,494010.0
-0.0004661158133854104,0.007311013031361096,0.005654965296255885,495010.0
-0.000451643941851978,0.007335852670023249,0.005643990647489929,496010.0
-0.0004596994242059512,0.007335930971614604,0.0056047135097545995,497010.0
-0.00046598778937192715,0.0073149158270596325,0.005607428938685907,498010.0
-0.000512563436176549,0.007273465102987848,0.005613016152543662,499010.0
-0.0004976907274852266,0.00730268624877014,0.0056048690541384005,500010.0
-0.00047848047120371845,0.007292294918184001,0.005624551910819269,501010.0
-0.0004723704277250853,0.007263930472635867,0.005621199797078244,502010.0
-0.0005088902093705745,0.007261621379850538,0.005638184345433849,503010.0
-0.0005027836792161106,0.00727208581091513,0.005664974165681198,504010.0
-0.0005083576260011313,0.007270101994344947,0.005687692381217344,505010.0
-0.0004907035649707604,0.007289256505870183,0.005709645862173635,506010.0
-0.000484346527589247,0.007316749636429526,0.005680038521698262,507010.0
-0.000473595860766522,0.0073179250791958065,0.005659882609572453,508010.0
-0.00048237192818073084,0.0073156050241816855,0.005674272550481969,509010.0
-0.0004543928792178131,0.007320741658185801,0.005696028381656707,510010.0
-0.00045343920850596177,0.0072829704695967935,0.005662943472527795,511010.0
-0.00046022716199024604,0.007324647196950399,0.0056132288057397,512010.0
-0.00047611367799499864,0.007318520005016226,0.005552660751491738,513010.0
-0.0004861935261300808,0.00733786208284285,0.005549194820413889,514010.0
-0.0004871173973442019,0.0073364624818017705,0.0055701311491518505,515010.0
-0.0004582257254664177,0.0073304707667447904,0.005568050670229326,516010.0
-0.00043664299519525373,0.00734044213970657,0.005613393518515479,517010.0
-0.00045911874182874053,0.00730356855246564,0.005554887350413761,518010.0
-0.00043607181470554495,0.007302232394110675,0.0055957231178805165,519010.0
-0.00043083193755932153,0.007298763726398601,0.0055780782857774575,520010.0
-0.0004208465468943508,0.007329776480394198,0.005588303897886533,521010.0
-0.0004377323515933459,0.007342410875749227,0.005625686762611241,522010.0
-0.00044412407938356093,0.0073589982940594064,0.005638477148894976,523010.0
-0.00048087349940426294,0.007350259327008033,0.0056537204179177795,524010.0
-0.00047258159114807355,0.007323260431489213,0.005659344411939874,525010.0
-0.00046258575598107717,0.00732600456544166,0.005685809233702024,526010.0
-0.0004462324022690101,0.007300410237379242,0.005704608036244386,527010.0
-0.00045690787599774466,0.007299142913716951,0.005694831160383172,528010.0
-0.0004641953319895758,0.007309446692304981,0.005713350170225851,529010.0
-0.0004690077336288483,0.007310269868136721,0.005735424655115634,530010.0
-0.00047981524460045716,0.007302831651617892,0.005729294675415788,531010.0
-0.0005038019067269066,0.007302806586566207,0.005727876397754512,532010.0
-0.0005023154033082478,0.007310313691190544,0.005745080061745022,533010.0
-0.0004973791714908981,0.007311404536004784,0.00573750746845157,534010.0
-0.00046690959182125866,0.0073363991284276986,0.0057227567540800136,535010.0
-0.0004403583040136783,0.007326513981794887,0.005731957192031045,536010.0
-0.00041604621135697694,0.007301529358482269,0.0057115621638099,537010.0
-0.0004160649603238655,0.007319368285593579,0.005725253688556997,538010.0
-0.0004360360671386586,0.007275489985043788,0.005725712719075406,539010.0
-0.0004142261102972351,0.007267146789070203,0.005698615265913538,540010.0
-0.000404338993875013,0.007267987197214316,0.005684976276149161,541010.0
-0.00044762500833482594,0.00728375174502318,0.005695657152390395,542010.0
-0.00043050320254991363,0.007306124175080149,0.00569473103807344,543010.0
-0.00043958012369829837,0.007324153456215765,0.005666633397786637,544010.0
-0.0004604189537613203,0.007304897589925106,0.005658631870018041,545010.0
-0.00045506862513942643,0.0073052000162063795,0.0056873498653726125,546010.0
-0.00044019698364562547,0.007282005234549081,0.005688940329616552,547010.0
-0.0004195189758839229,0.0072830238634656866,0.005677076475832645,548010.0
-0.00040403490105331676,0.0072772827444604294,0.005697930926423876,549010.0
-0.0004173626280547374,0.007302715749680124,0.005708045728688786,550010.0
-0.00043195403775494003,0.007322698839777143,0.005712702207815116,551010.0
-0.0004158352102322123,0.007325252522077326,0.005725158915633091,552010.0
-0.00041994625707599,0.007340723725651944,0.005745347468657747,553010.0
-0.00043688019081994427,0.007372758980959855,0.005732330216601555,554010.0
-0.00042246456237897265,0.0073733747687816575,0.00576435458560338,555010.0
-0.0004125484853134727,0.0073249735007555414,0.005762423114832239,556010.0
-0.0004299502410952011,0.007310785901979048,0.00578539453522876,557010.0
-0.0004383815490559863,0.007308196488022918,0.005810839714869463,558010.0
-0.0004378723849392906,0.007296152599975251,0.005782189520632724,559010.0
-0.0004419541554109841,0.007304683824528579,0.005762988374537937,560010.0
-0.00043406969444302834,0.0073214006429858525,0.00575525773551485,561010.0
-0.00044616848137995504,0.00730080852608204,0.0057617664048857774,562010.0
-0.00043647698876987526,0.007286200377097668,0.005767506629387266,563010.0
-0.0004600346703272869,0.007281113589692668,0.005774653270114073,564010.0
-0.0004368380203190561,0.007266031263844791,0.005801127649221434,565010.0
-0.00045954513592655734,0.007272996975636105,0.005748689059277153,566010.0
-0.0004511678797460644,0.007267721003500771,0.005755661436306982,567010.0
-0.00047225990640523455,0.00724423268707745,0.005755414713475544,568010.0
-0.000444380508864059,0.0072446623526608925,0.005773492650843356,569010.0
-0.0004270333173634267,0.0072379350467475494,0.005770790845218104,570010.0
-0.0004393739533107663,0.007242252685411562,0.005785370274501637,571010.0
-0.0004304375757827616,0.007230546403651376,0.005793470845851096,572010.0
-0.0004277406572081389,0.007247182986331164,0.005756988740971851,573010.0
-0.00043881434928842754,0.007230585400495003,0.005778579221778497,574010.0
-0.00042369074370881,0.007259497059479484,0.0057673879840370685,575010.0
-0.00042066621432878214,0.007262826020503628,0.005758914049001742,576010.0
-0.0004383303535447536,0.00727323270417517,0.005757617489882137,577010.0
-0.0004015294979828119,0.007272024210458687,0.005759224371492401,578010.0
-0.00041739360578897834,0.0073076915600406986,0.005750912116973376,579010.0
-0.00042701745607093733,0.007335693992884073,0.005761100356654477,580010.0
-0.00045052912232041874,0.007358077401499873,0.005762335041905398,581010.0
-0.0004787055668560086,0.007352350522975177,0.005777095879196692,582010.0
-0.0004734742074578508,0.0073382803663226475,0.005759406929921116,583010.0
-0.00045229855264494636,0.007345668171573066,0.005763637819355666,584010.0
-0.0004390092595085888,0.0073270902806413145,0.005795599308300464,585010.0
-0.0004810622095418777,0.00732854129768925,0.00581102726401923,586010.0
-0.0004883066543828199,0.007342779141167752,0.005809124813838945,587010.0
-0.000491475408368328,0.007360165567644236,0.005816013186415381,588010.0
-0.00049972178728939,0.00737005414187788,0.005789775417228988,589010.0
-0.000515624126752102,0.00738221049743216,0.005786340467405055,590010.0
-0.0005263707100680186,0.007388279699545408,0.005754929439529149,591010.0
-0.0005430511335727552,0.007408609952305939,0.005757846104634861,592010.0
-0.0005547652828827662,0.007410237355219579,0.005772550280567089,593010.0
-0.0005584598186166704,0.007411265343029297,0.005768030097710611,594010.0
-0.0005464128259221117,0.007406266294469404,0.005750255638551766,595010.0
-0.0005526111717456136,0.007392202854722748,0.00577229010785714,596010.0
-0.0005736212424143567,0.007406386790863417,0.005798762605563554,597010.0
-0.000555859890990986,0.007409420419622931,0.005861643908644345,598010.0
-0.000532300165590387,0.007426362887194743,0.005846803015861818,599010.0
-0.0005665274447977621,0.0074607470644412225,0.005870968739096343,600010.0
-0.0005604941395770777,0.007499426827376037,0.005890943353162979,601010.0
-0.0005917348992966118,0.007479104400801164,0.00584984366366326,602010.0
-0.000614023801863329,0.007483836489325011,0.005848326559235247,603010.0
-0.0005981267171925792,0.00751533742448931,0.005840935812643961,604010.0
-0.0005731426090819157,0.007536753681085831,0.005830170305501893,605010.0
-0.0005657801194873979,0.00755867689406673,0.0058274143665555805,606010.0
-0.0005944253839467598,0.007553903191994495,0.005839781471688849,607010.0
-0.0005763057306896929,0.007566585420827932,0.005852763600999502,608010.0
-0.0005966277684506356,0.007559309184913558,0.005878395967395595,609010.0
-0.0005968499857042764,0.007585092935225286,0.0058746824211401635,610010.0
-0.0006163966012307155,0.007557970267218548,0.0058742107377985926,611010.0
-0.0005902175080372992,0.007537735270182341,0.005841182715018762,612010.0
-0.0006147526575847049,0.0075116601652177655,0.005827114316235553,613010.0
-0.0006535214410933449,0.007502831840116665,0.0058274781810696815,614010.0
-0.0006467098328352371,0.007484366209538303,0.005829073921911521,615010.0
-0.00068587487431854,0.00749396423905948,0.005797995631200988,616010.0
-0.0007077259948491889,0.007479351178924131,0.0058038675955380346,617010.0
-0.0006961485478707343,0.007488342300695611,0.005791018014322315,618010.0
-0.0006539631914016203,0.007480455589336608,0.0057672163661796885,619010.0
-0.0006817933113160986,0.00748727182349534,0.0057682040741675634,620010.0
-0.0006702627144410958,0.007501362237058729,0.005820690631682673,621010.0
-0.0006610827771845689,0.007452526249637791,0.005834057338151198,622010.0
-0.0006561863539093954,0.00744262263804744,0.005841586206774039,623010.0
-0.0006148845112375218,0.007451669116514901,0.005803451165120462,624010.0
-0.0005983564234697345,0.007428414593127772,0.005809584220981251,625010.0
-0.0006274612215018876,0.007404940682263659,0.0058138254995701594,626010.0
-0.0006329156491779586,0.007422418042780373,0.0057941528198839996,627010.0
-0.0006582151040947961,0.007414572206041922,0.005781018918035548,628010.0
-0.0006476209269303877,0.007424867825744872,0.005795523910416328,629010.0
-0.0006497783325651303,0.007445772333273431,0.0057846268768664355,630010.0
-0.000641961409295132,0.00744201824701556,0.005781478574358321,631010.0
-0.0006642355929784194,0.007474061625064833,0.005806780808470593,632010.0
-0.0006804091565105105,0.007464581127078825,0.005818699593067802,633010.0
-0.0006557931597893559,0.00747365576849449,0.0058142489633313124,634010.0
-0.0006674296470145592,0.007480972865665827,0.005830079108101247,635010.0
-0.0006855804347988717,0.007490332991638289,0.005808531548217631,636010.0
-0.0006862717237885448,0.007518326379976616,0.005801315292996325,637010.0
-0.0006765857079639059,0.007527853276280136,0.005768488767469118,638010.0
-0.0007224759211735458,0.007516816175913345,0.005771383831943302,639010.0
-0.0007045846957579226,0.007504903518849718,0.005783043311268287,640010.0
-0.0007146956295851138,0.0074913448774141635,0.005808476410546676,641010.0
-0.0006930724511567734,0.007486114542598589,0.005831026101102894,642010.0
-0.0007128066946732504,0.007488687676612819,0.005836828032338768,643010.0
-0.0007220567789870542,0.007480370577258998,0.005803618594359612,644010.0
-0.0007164679834346974,0.007488102330039017,0.005798525384540236,645010.0
-0.0007441456663703194,0.00748702883989627,0.005836230212267306,646010.0
-0.000718866499231603,0.007498766641611227,0.00583894482483205,647010.0
-0.0007114418669834456,0.007481057162989937,0.005874891770603527,648010.0
-0.0007375389697129711,0.007467541332613303,0.0058812050680901486,649010.0
-0.0007626587131694089,0.007465507898491674,0.005861720507648052,650010.0
-0.0007660077104849415,0.007495447939330017,0.005877684308661623,651010.0
-0.0007964527267068215,0.007463308976803766,0.00587628100870943,652010.0
-0.0008083391773623576,0.0074365366234911,0.005881460761170165,653010.0
-0.0008116075037659387,0.007448968313241934,0.005894854601232664,654010.0
-0.0008280517441472309,0.0074382941579422095,0.005860340721179882,655010.0
-0.0008200146353461111,0.007451730052464373,0.0058716545227170906,656010.0
-0.0008349772091030831,0.00746001175224312,0.0058710240483017245,657010.0
-0.0008559132506107561,0.0074665702319791,0.005890424778313423,658010.0
-0.0008512627561131383,0.007427442765347628,0.005877899404719122,659010.0
-0.0008477833306977248,0.007439212591828886,0.005892979688644372,660010.0
-0.000877606067105606,0.007406204484847414,0.005893803695151804,661010.0
-0.0008448145187727217,0.007419276248826195,0.00588533906168421,662010.0
-0.0008390663140908837,0.007413425732243378,0.005885009591958838,663010.0
-0.000852106415773221,0.007409198552304726,0.005898513250803023,664010.0
-0.0008657057841336706,0.0074068517705183304,0.005891365996657632,665010.0
-0.0008799724208432977,0.007395228774164837,0.0058975730773436486,666010.0
-0.0008789834980529386,0.007387748280798635,0.0058791830267741095,667010.0
-0.0009047418179103175,0.0073813372816673335,0.005894657208489575,668010.0
-0.0009408861461683739,0.007381911866578009,0.005872162147196182,669010.0
-0.0009285373793721683,0.007373871945282045,0.005894111104121309,670010.0
-0.000910386577877632,0.0073787054419850165,0.005924008771853187,671010.0
-0.0009196650823028594,0.007396611863717915,0.005905728628383738,672010.0
-0.0009093112322677215,0.007406251903875342,0.005943964090869065,673010.0
-0.0009261095342415835,0.007361377096409075,0.005965050228655519,674010.0
-0.0009283435920611243,0.007360726397973643,0.005943411883565125,675010.0
-0.0009450374645916921,0.007370485116231816,0.005935818540666126,676010.0
-0.0009735040210435013,0.007363005143309937,0.005928171634084091,677010.0
-0.0009857464930926687,0.007355749175665298,0.005932020457783201,678010.0
-0.0009860793636021499,0.007352882782632198,0.005938426925539451,679010.0
-0.0009976175906995135,0.0073408148088950406,0.005942230768135003,680010.0
-0.0009830207963674312,0.0073596150923450464,0.00594093488175556,681010.0
-0.0009966390582204796,0.007361942219134994,0.005942019170014608,682010.0
-0.0009956579572728275,0.007352766484963633,0.005926236667325664,683010.0
-0.0009887794041084543,0.007333710815108685,0.00589343683336312,684010.0
-0.0009696529422314913,0.007298125386583271,0.005896975550233478,685010.0
-0.0009568592191001686,0.0072816559234670855,0.0058782756546017535,686010.0
-0.000935349911488725,0.007279931372831266,0.0058740798376757785,687010.0
-0.0009484002058631151,0.007286247956227634,0.005844160550011285,688010.0
-0.000924644744363851,0.007285373214134369,0.005821247045820976,689010.0
-0.0009540151804466327,0.007337424184666224,0.005840054045904514,690010.0
-0.0009867904940022078,0.0073104337862887345,0.005850772296652779,691010.0
-0.0009757073409068828,0.00728150508669361,0.005845903024141034,692010.0
-0.0009736286953062514,0.0072697551853837085,0.0058690353985240895,693010.0
-0.0009214353000715538,0.0072847396197174225,0.005869260684078706,694010.0
-0.0009438418966032419,0.007287770684378297,0.005860592066172943,695010.0
-0.0009223745465705645,0.007275295944173611,0.005839111754816838,696010.0
-0.0009625426113476843,0.00727806471446416,0.005847260388165658,697010.0
-0.0009459951680804861,0.0072774569303169475,0.00584730693475049,698010.0
-0.0009224277204107217,0.007268951186722039,0.005825157009855237,699010.0
-0.0009279665142397444,0.007256051289726943,0.0058653837864879885,700010.0
-0.0009207871724519825,0.0072559945977542515,0.005865810040735641,701010.0
-0.0009195854920923046,0.007274468669534131,0.005833160219349763,702010.0
-0.0008954677800513387,0.007262776178688036,0.0058555046500786525,703010.0
-0.000871562839935104,0.007264705886635689,0.00586577838567783,704010.0
-0.000903130574966403,0.007212055056521914,0.005882095685870731,705010.0
-0.0008724623863066174,0.007224088950023926,0.0058871056383583776,706010.0
-0.0008945735033370877,0.0072061035487163035,0.0058989271596181754,707010.0
-0.0008835217801412368,0.0072135121007967625,0.005890051615980205,708010.0
-0.0008963920817845757,0.0072154795125012805,0.005911384577388496,709010.0
-0.0009041220390587046,0.007202271509850906,0.005925116421885465,710010.0
-0.0009069340579307213,0.007213896532311291,0.005925751534811569,711010.0
-0.0008978142371224516,0.007195910253437265,0.0059163500459559586,712010.0
-0.000903563936664572,0.007192430084594193,0.005959531996817999,713010.0
-0.0009248447700582144,0.007184031351717304,0.00595685904254614,714010.0
-0.0008868742178410527,0.007201792733421256,0.005955961591998628,715010.0
-0.000877461216482339,0.007168728298199512,0.0059461491235996014,716010.0
-0.0008611889745712518,0.007187930161586906,0.005936052693755042,717010.0
-0.0008634461288733004,0.007170483441395366,0.005923515820547773,718010.0
-0.0008452997628716471,0.007195706409747863,0.0059091768501340226,719010.0
-0.0008710591866393065,0.007178030639186397,0.005905762780950361,720010.0
-0.0008680958908858895,0.00715132867411159,0.005890284454722997,721010.0
-0.0008614330344746791,0.007178498193754592,0.005856758950126203,722010.0
-0.0008301635418223538,0.007192645455964029,0.005844882205893591,723010.0
-0.0008385422708971719,0.007201378985736557,0.005853677578845569,724010.0
-0.0008571233839900383,0.0071933809903152865,0.005857802803297085,725010.0
-0.0008274528048423316,0.007191052438927097,0.005869370150702429,726010.0
-0.000860521554820766,0.007168665181600553,0.00587633743172381,727010.0
-0.0008724039337292896,0.0071678827021777235,0.0058964338112674165,728010.0
-0.0008942960008227097,0.00718486521715347,0.005920266385444802,729010.0
-0.0008945316465154262,0.007179153581100996,0.005905742334045855,730010.0
-0.0008908988820865468,0.0071770966389272765,0.005888925851255263,731010.0
-0.0008791064884548425,0.0071667507067202565,0.005884415070335365,732010.0
-0.0008698650606437337,0.0071613532453154915,0.0059202083822100715,733010.0
-0.0008152728633869392,0.007205410717899057,0.005906215279036473,734010.0
-0.0007876494837737789,0.0071828962745977476,0.0059044954461723075,735010.0
-0.0007957030784114247,0.0071855115066658416,0.00590527779034661,736010.0
-0.0008137051637757115,0.007183556661010996,0.005893701977439774,737010.0
-0.0008152666538582288,0.0071633381220529285,0.005882563708758736,738010.0
-0.00080150111137065,0.007132791654533849,0.00589669096954309,739010.0
-0.0007814582139111632,0.0071063338069313085,0.005891744225075154,740010.0
-0.0007849318185840997,0.007099459897612073,0.005912178028917887,741010.0
-0.0007785366633092621,0.007074855295455241,0.005891380374423014,742010.0
-0.000725539425489617,0.007124071701851335,0.005897687192713227,743010.0
-0.0007095402415541633,0.007137563716072363,0.0059481133957077995,744010.0
-0.0006914860079417796,0.007157633465333332,0.005928751835335252,745010.0
-0.0007148255374143005,0.007205215149992873,0.00589568583974822,746010.0
-0.0007115781757599286,0.007177663574047985,0.005913204523164929,747010.0
-0.0006962846190262337,0.007176309142953531,0.005925318618921151,748010.0
-0.0007185450090383017,0.007163648844071848,0.005869906344560691,749010.0
-0.0007624854963320686,0.007169289567410957,0.005848705226352291,750010.0
-0.000751891129732466,0.007136114353413396,0.005819359133956136,751010.0
-0.0007497192037062884,0.007163840565266226,0.005775706225622561,752010.0
-0.000744391778088742,0.0071618308781229885,0.005790754881866947,753010.0
-0.0007185282130163825,0.007209404821177881,0.005818220243334929,754010.0
-0.0007470861609173478,0.007215834258196563,0.005819014272824177,755010.0
-0.0007426893523862248,0.007207997731096428,0.005775268778655101,756010.0
-0.0007354132671313485,0.007183807880533248,0.005820885160567793,757010.0
-0.0006984526651580971,0.007174890202686799,0.005812543987510867,758010.0
-0.0007136984090847624,0.007199953207387825,0.00582839061088902,759010.0
-0.0007084895652101986,0.007225457358339726,0.005842935898606349,760010.0
-0.0007304887386987078,0.007249225468958938,0.0057986669160253424,761010.0
-0.0007285330326411495,0.007233825699194366,0.005820233684331257,762010.0
-0.0007049183811364842,0.007259145562773643,0.005817578576199285,763010.0
-0.0006836316109939196,0.007267669760560714,0.0058022397319552185,764010.0
-0.0006838009759595994,0.007264458876894438,0.00580314187981037,765010.0
-0.000684259091670364,0.007294390175006785,0.005827357805882766,766010.0
-0.0006934087229732922,0.0073031638421301144,0.00585222491501199,767010.0
-0.0007154092163429645,0.007349121668717327,0.005859997053539076,768010.0
-0.000722540880058713,0.0073433080104930585,0.00585470841883714,769010.0
-0.0007334020913690947,0.007324600355349171,0.005855826448790808,770010.0
-0.0007318245278256114,0.007332983393900821,0.005831987176678945,771010.0
-0.0007374087943615632,0.007330465075389892,0.005814656098473685,772010.0
-0.0007534058399400845,0.007381273894176408,0.005810036218072253,773010.0
-0.0007434558443791915,0.007404853412292796,0.005840826150480862,774010.0
-0.0007570758655954848,0.007410886851799964,0.005842033895341383,775010.0
-0.0007656355078963588,0.007410714920921738,0.00586428600789206,776010.0
-0.0007696069154660769,0.007414188321153803,0.005895617896129728,777010.0
-0.0007404581204441171,0.007448034517997282,0.005884920355323675,778010.0
-0.0007496537478469273,0.00746946678484878,0.005886302254638307,779010.0
-0.0007545293388737014,0.007484034103936201,0.00590327570206314,780010.0
-0.0007444409100471948,0.007488178940437064,0.005904921274695007,781010.0
-0.0007597381522257905,0.007475825063034324,0.005863359495435116,782010.0
-0.0007776268855297712,0.007491034494434008,0.0058359642639390415,783010.0
-0.0007931615196716219,0.007491942609218759,0.005828433919843561,784010.0
-0.0007938341141393634,0.007479847270944143,0.005837784619625358,785010.0
-0.0007959590405704542,0.007513507489892825,0.005846141902344662,786010.0
-0.0007990661920815388,0.0074760698953450265,0.005865646732385685,787010.0
-0.0007753214727679882,0.007470375800087844,0.0058692892555582835,788010.0
-0.0008092649331335838,0.007440544864262183,0.005879308635185589,789010.0
-0.0008078063115936366,0.007428837948790462,0.0058518573394437815,790010.0
-0.0008226575415698373,0.007452827200510951,0.005873423457235917,791010.0
-0.0008228262679830659,0.007442530691959264,0.005877330186919088,792010.0
-0.0008256730806242675,0.007478033304841217,0.005886567269387936,793010.0
-0.0008595242926139812,0.00746009359011495,0.0058684240785257125,794010.0
-0.0008788012809932021,0.0074302454887321834,0.005887354639523476,795010.0
-0.0008654874062975686,0.007429252772716289,0.005870880210787271,796010.0
-0.0008955495109933708,0.007412469781106947,0.005855216190631933,797010.0
-0.000907785552243133,0.007391139911334061,0.005862168237167494,798010.0
-0.0009007533670041746,0.007403382747881735,0.0059024691830535944,799010.0
-0.0009419988208709121,0.007395571741738468,0.005892473787506893,800010.0
-0.0009356694148378616,0.007407717486993344,0.005885920540585683,801010.0
-0.0009449515852718314,0.007413100480693685,0.005877699306411954,802010.0
-0.0009469849106246778,0.007418584853278884,0.0059007752866632205,803010.0
-0.000930040862725639,0.007419081537445517,0.005902206277906428,804010.0
-0.0009537973232269556,0.007403543793177359,0.005910209885516525,805010.0
-0.000985801023362778,0.0074042463953998255,0.005920665148024668,806010.0
-0.0010030728986693712,0.007430584181926567,0.0059274422806670736,807010.0
-0.0009807190736761966,0.007424531148864255,0.005896211408107146,808010.0
-0.0010004357977976117,0.007450610670638571,0.005874953508414691,809010.0
-0.000944755284268998,0.007421342542029475,0.005845984426216637,810010.0
-0.0009304902922596021,0.007400671670094137,0.005854180378847755,811010.0
-0.0009006110831647307,0.0073890450931582375,0.005850328218013218,812010.0
-0.0009325997043420394,0.007374270081605073,0.005841503123870476,813010.0
-0.0009159644015483831,0.007407950368163244,0.005837405743651702,814010.0
-0.0009146144792143181,0.007416935770882208,0.005806933836329309,815010.0
-0.0009127000458702889,0.007424465177610748,0.005815760244796401,816010.0
-0.0009107198914889929,0.007406307728769753,0.005834486913145106,817010.0
-0.0009071390995043306,0.007401926870539873,0.005819472079858682,818010.0
-0.0009033677559818,0.007389967945244562,0.005811775162512345,819010.0
-0.0009221731426974976,0.007390136138614882,0.005781155537205364,820010.0
-0.0009127570858018894,0.007394331348955824,0.005785339716177122,821010.0
-0.0009086902882897699,0.007399119799661633,0.00583447720688236,822010.0
-0.0008724571518519801,0.007423242467229131,0.005859940503294422,823010.0
-0.0008332497641323764,0.00740404216690431,0.005863694128445898,824010.0
-0.0008335232570637231,0.007417816752144068,0.005848409607588233,825010.0
-0.0008797060783991773,0.007416308425995661,0.005826552656620159,826010.0
-0.0008719595558164995,0.00746482475308145,0.005826713898011491,827010.0
-0.0008788244908196699,0.007447255597397034,0.0058150347284589374,828010.0
-0.0009091851068675241,0.007419514892264423,0.005803570743063483,829010.0
-0.000920152657729546,0.007399333978753137,0.005795790121697657,830010.0
-0.0009370857269242705,0.007366212592279705,0.005799507782082515,831010.0
-0.0009425471388663679,0.007404062914952621,0.005794379063921013,832010.0
-0.0008975205166315524,0.007406011406816623,0.005790035225057531,833010.0
-0.0008730966293516181,0.007367885335833888,0.005778368390321354,834010.0
-0.000919816117545696,0.007356896003783867,0.0057809300960531265,835010.0
-0.0009032112929560089,0.007335616059077586,0.0057674765395108645,836010.0
-0.0009138495241851893,0.0073620974014524726,0.005784720805668499,837010.0
-0.0009225571772180974,0.007341332793043954,0.00580917394845364,838010.0
-0.0009148097647308842,0.007342741043238214,0.005795677175087752,839010.0
-0.0008923052605225908,0.007307675438940988,0.005816759050090387,840010.0
-0.0009092696877297391,0.00735234233820023,0.00581223519359142,841010.0
-0.0009178358730352594,0.007373028134878193,0.005826050086447475,842010.0
-0.0008801465660130195,0.007385446831243853,0.005792019485185863,843010.0
-0.0009037944736215619,0.007439360830730671,0.005810511950695932,844010.0
-0.0009087252832519621,0.007432493568138888,0.005809819789125303,845010.0
-0.0008812086797815198,0.007418934527903062,0.005828487604409393,846010.0
-0.0008345772165122148,0.007383976065572632,0.005810422483775396,847010.0
-0.0008358920201153633,0.007387131145609191,0.005807783731398676,848010.0
-0.0008180617114510706,0.007352471868869788,0.0057958206882356405,849010.0
-0.0008213672793929633,0.007328949563075895,0.005791236406612039,850010.0
-0.0008806063793821659,0.007322537773837759,0.005790425677840921,851010.0
-0.0009033826528104069,0.0073064094294961355,0.005773928752293014,852010.0
-0.0009251117004129136,0.007291539200669529,0.005771310529458469,853010.0
-0.000913454910903195,0.007298537849154422,0.005748036274409034,854010.0
-0.0008965883635029106,0.00731159014151876,0.005758895677438464,855010.0
-0.0009008994570993658,0.00731299138575049,0.005742639537224708,856010.0
-0.0009259024270979583,0.007353770174252795,0.0057320582681883135,857010.0
-0.000928177399355487,0.007346602192109999,0.00576963968237589,858010.0
-0.0008988966164166476,0.007333338673958738,0.005747352641670813,859010.0
-0.000929110010953941,0.0073365202471876384,0.0057084330244307644,860010.0
-0.0009127097874936686,0.007324712145433271,0.005661960459339025,861010.0
-0.0009043318820462673,0.007338268021770339,0.005652222394723326,862010.0
-0.0009027933297478753,0.007373002663786339,0.005679358837553497,863010.0
-0.0009188547449314672,0.007357862224912465,0.005661545096629144,864010.0
-0.0009369103857702097,0.007349094711355996,0.005656672759445756,865010.0
-0.000941630753620832,0.007376640729907158,0.005650864326760282,866010.0
-0.0009679683135318044,0.007359616685669899,0.0056570988392382554,867010.0
-0.0009563930688854793,0.0073337550215738226,0.005637396314943973,868010.0
-0.0009462913536391475,0.0073464300262080185,0.005641525637273308,869010.0
-0.0009511341113752527,0.00734447449125259,0.005633214341175049,870010.0
-0.0009616151419885058,0.007352539360767317,0.005591554241508517,871010.0
-0.0009216883394212331,0.007344586102150791,0.005620379458830364,872010.0
-0.0009068934218705036,0.007359299718766757,0.0056441519858853595,873010.0
-0.0009056293646507968,0.0073481711849357,0.005625978631929674,874010.0
-0.000912613284900652,0.007328317494781604,0.005617772415276057,875010.0
-0.0009110253831524053,0.007308785837838508,0.005587174970686229,876010.0
-0.0008967162369657306,0.007323202057645591,0.005586106918746499,877010.0
-0.000914171608147645,0.007323887994229661,0.005588519477486657,878010.0
-0.0009201785382392218,0.00733600384535892,0.005541663616475951,879010.0
-0.0008660008458848833,0.007328191547076904,0.005535096208172204,880010.0
-0.0008595505551052773,0.007311209674391802,0.005554704320906624,881010.0
-0.0008516919306805898,0.007278476290456154,0.005550456786387913,882010.0
-0.0008667258739021719,0.007282118519961687,0.00556519621482097,883010.0
-0.00088718452557425,0.0072847037229133394,0.005593783705534582,884010.0
-0.0008903091142239741,0.0072955129008023725,0.0055872308581044325,885010.0
-0.0008786849860711167,0.007307476768597308,0.005595089480358574,886010.0
-0.0008507447781689235,0.007312392584055368,0.005549682165934023,887010.0
-0.0008103338713239564,0.007344333894850948,0.005542132500885614,888010.0
-0.0008191041241108107,0.007353065938700564,0.0054965658978067865,889010.0
-0.0007944943133841851,0.007347482061723258,0.005499240055555293,890010.0
-0.0007869519996109192,0.00735427034001533,0.00548553504259987,891010.0
-0.0007651061360453252,0.0073500438814580425,0.0055226013281114575,892010.0
-0.0007685925922233001,0.007331243002142493,0.00556820382876737,893010.0
-0.0007839866917791567,0.0073473531927676465,0.005558896694817848,894010.0
-0.0007954842588833717,0.007338324229170359,0.005554326361818929,895010.0
-0.0007973577967895657,0.007370262422343926,0.005560712624898009,896010.0
-0.0007901719514900688,0.00736159417888804,0.00556217506133804,897010.0
-0.0008172426885408695,0.0073465119554302835,0.0055578815091806314,898010.0
-0.0008462811261808132,0.007372818321161795,0.005566924019916388,899010.0
-0.0008306955776849907,0.007382014301483778,0.005587454888912712,900010.0
-0.0008103757959568886,0.007412018752645028,0.005625344450673696,901010.0
-0.0008454721286571624,0.007441167876948955,0.005609760683998305,902010.0
-0.0008211112605341703,0.007446148752438411,0.0056108394583600325,903010.0
-0.0008347927180386513,0.007453700063603364,0.005580873317511962,904010.0
-0.0008331766889740111,0.007452712390032302,0.005591319223175035,905010.0
-0.000817759887313262,0.007461824009651564,0.005614280219361885,906010.0
-0.0008165893840610277,0.007475089258227546,0.005594171656666812,907010.0
-0.0008185112631900218,0.007462218270931043,0.005593948591389716,908010.0
-0.0007978902531630716,0.00745877178988076,0.005577312552403006,909010.0
-0.0007735201931063805,0.00743377930017879,0.005618913348384128,910010.0
-0.0007797519045532649,0.007427746326453208,0.005609747628863949,911010.0
-0.0008042748450734022,0.007404730536603368,0.0055999453203118745,912010.0
-0.0008030627115268367,0.007399669256242348,0.005566773965276177,913010.0
-0.0007871743874014735,0.007382344746031825,0.005528753980290774,914010.0
-0.0008246709846154568,0.007393658433484938,0.005561246177240353,915010.0
-0.0007909258877238255,0.007407074017088651,0.005566717379788078,916010.0
-0.0007955995313531716,0.007384358380758942,0.005571342033211235,917010.0
-0.0007869552457105976,0.007380493818324626,0.005601896279925792,918010.0
-0.0007740015507051989,0.007369817006577467,0.005588528413100322,919010.0
-0.0008019376156138286,0.007319485692936215,0.0056196831329194,920010.0
-0.0007769204876697099,0.007277579201737493,0.005629381320087853,921010.0
-0.0007520295746388251,0.0073111129331881386,0.005627876621437068,922010.0
-0.0007707026658494177,0.007304077148519354,0.005616319703213112,923010.0
-0.000779782490049641,0.007343948504212044,0.005625646349938224,924010.0
-0.0008100481260262703,0.007357920794988061,0.005637626791027294,925010.0
-0.000823302728085192,0.0073847764094229764,0.005650447592076715,926010.0
-0.0008162020264507302,0.00740347010780511,0.005647744490873683,927010.0
-0.000817723053129811,0.007382589836066771,0.005632272513116874,928010.0
-0.0007832240643850537,0.007340754247848288,0.005653431367624601,929010.0
-0.000796510002826613,0.00733970132853751,0.005616910526016126,930010.0
-0.000786623196753198,0.007336666707636232,0.00560522484564711,931010.0
-0.0007779808305818867,0.0072945054275097895,0.005608477808151707,932010.0
-0.0007735859356600591,0.007312774135902899,0.005602514796642892,933010.0
-0.0007449906782981739,0.007318697944698148,0.005623886726220061,934010.0
-0.0007178794764815442,0.007275758185300584,0.0056022735411695125,935010.0
-0.0007344933911896151,0.007320152882115181,0.005608763432054082,936010.0
-0.0007393152911998743,0.007310443850495895,0.0056157410223146706,937010.0
-0.0007443420147817864,0.007310780600021384,0.005606328483068777,938010.0
-0.0007401581004394031,0.0072847185715570984,0.0056384498741855246,939010.0
-0.0007374018619489504,0.007275164491570614,0.005613828556177389,940010.0
-0.0007756345781943778,0.007289105026022347,0.005624978405875186,941010.0
-0.0007541305642253015,0.0072879181106004975,0.005626036402041212,942010.0
-0.0007668371536275557,0.007275101202108618,0.005625633242955572,943010.0
-0.0007784911865283668,0.007248542334422313,0.005600334560128062,944010.0
-0.0008112992806896719,0.007236658806205509,0.0055924069824878795,945010.0
-0.0007998625776113682,0.0072348662480192505,0.005586586675976971,946010.0
-0.0007671083549285856,0.007220626159821383,0.005651480027110901,947010.0
-0.00074794173100926,0.007236860314073037,0.005637323008819338,948010.0
-0.000708324992327797,0.007246040248860842,0.005611067730972977,949010.0
-0.0007167383312053878,0.007270655868357124,0.005618872685593293,950010.0
-0.0007041033877086613,0.007269640999660007,0.0056175345536390265,951010.0
-0.0006973303384400664,0.007276042791440605,0.005620123343692004,952010.0
-0.0006910129288493545,0.007278042275361085,0.005598448596249067,953010.0
-0.0006641526331225302,0.0072544630287214844,0.0056064177656434365,954010.0
-0.0007037766366417365,0.0072336240694240725,0.005632224753221042,955010.0
-0.0007059233931743723,0.007229936748678377,0.005630586626878402,956010.0
-0.000714481990426382,0.007214641735042974,0.005593425019429602,957010.0
-0.0006877397954783293,0.0071915542629450565,0.005605647931646442,958010.0
-0.0007266210011640268,0.007172810026868363,0.005578053424423539,959010.0
-0.0007021268323092807,0.0071502904678348795,0.0055923798243133205,960010.0
-0.0006792254441135145,0.0071524739803057805,0.005583962681091321,961010.0
-0.0007108719602450226,0.007153655409419184,0.0055958931447624045,962010.0
-0.0007042415928623977,0.007134097807888189,0.005605740163428611,963010.0
-0.0007323801035365251,0.007125921792578227,0.005589490198570783,964010.0
-0.000742990893889103,0.007093920750822721,0.005589911727172434,965010.0
-0.0007318380444387508,0.007088146816243611,0.005615951587520772,966010.0
-0.0007282393707174386,0.007096739432907255,0.005653036305471742,967010.0
-0.000768767514631102,0.00709285119742249,0.005662976426429932,968010.0
-0.0007630531200049465,0.007125848002021409,0.005668053331543551,969010.0
-0.0007790077964125332,0.007104182525705507,0.005669443670976605,970010.0
-0.000791090228131323,0.007109674175259201,0.005696625469854261,971010.0
-0.000790845106046448,0.007083219324723732,0.005651673698525783,972010.0
-0.0007765900537527538,0.007084513845318472,0.005643396788299545,973010.0
-0.0007870764500508564,0.007097031292472871,0.0055590520135954035,974010.0
-0.0008065014426816114,0.007082520568696363,0.0055205841743413385,975010.0
-0.0007940364134086887,0.007095951927139083,0.005512170118569147,976010.0
-0.0007791550807104277,0.007081882276452942,0.005544175471151894,977010.0
-0.0008128422738139441,0.007100864305406012,0.005566380653616171,978010.0
-0.0007869653055521162,0.007131200954775774,0.005593416479854295,979010.0
-0.0007538410354446853,0.007132078626310949,0.005591731553296676,980010.0
-0.0007616353546613285,0.007087293766106778,0.0056174507650358085,981010.0
-0.0007499334447091412,0.007078525347566687,0.005659305208416341,982010.0
-0.0007263913351495507,0.007073031763948962,0.005652003785202324,983010.0
-0.0007319029606203853,0.007056365426495323,0.005682594816472791,984010.0
-0.0007388421822890224,0.0070407845071514645,0.005685134424204764,985010.0
-0.0007594871827299976,0.007004208867430579,0.0056910050542724406,986010.0
-0.0007468381996059124,0.00700721841048037,0.005708567487180274,987010.0
-0.0007518366818001569,0.007002583722597884,0.005718648748923093,988010.0
-0.0007406814354783318,0.006980051386583739,0.005715113959970015,989010.0
-0.0007170667085692849,0.006967999726507107,0.0056970376186488425,990010.0
-0.000745563343739273,0.006966390569286346,0.005684491745098535,991010.0
-0.0007828300234062278,0.006966334429966558,0.00568627739127007,992010.0
-0.000801112370861562,0.0069690208954339295,0.0057061923250841026,993010.0
-0.00076495665399652,0.0069491219396157775,0.005714930810738635,994010.0
-0.0007616840806190672,0.0069276635231275046,0.005702299627268025,995010.0
-0.0007705526117935865,0.006902930348691877,0.005685897749002261,996010.0
-0.0007814058264132088,0.006876076604088445,0.005689106245170369,997010.0
-0.0007992954322436965,0.006854148352698313,0.005699322739607323,998010.0
-0.0008098794357694686,0.0068362613259440215,0.005722481984735596,999010.0
-0.000788588081326897,0.006827287009358829,0.005723912568950069,1000010.0
-0.0007602299206535838,0.006823925974426869,0.005738648895116277,1001010.0
-0.0007609894090346584,0.006825387825445943,0.005733897439498331,1002010.0
-0.0007631509265273433,0.0068083341665876864,0.005712722708015499,1003010.0
-0.0007746227654353633,0.006827485055852321,0.005722517106938172,1004010.0
-0.000754057342306445,0.006798325613198268,0.0057350493347833,1005010.0
-0.0007938621655829073,0.0068114416750964584,0.005761559274623086,1006010.0
-0.0007395988548341579,0.006807661618368253,0.005801504148296517,1007010.0
-0.0007297503742014368,0.006824059826496495,0.005841040485122568,1008010.0
-0.0007338729729469966,0.0068254552656732085,0.005870525627785596,1009010.0
-0.0007502113049958811,0.006816627074775488,0.0058854209161576625,1010010.0
-0.0007420079651356598,0.00679718155714351,0.0058590558322111335,1011010.0
-0.000723467253395082,0.006811032496184326,0.005870636666338194,1012010.0
-0.0007288022119819538,0.006774646190614635,0.005863002771796627,1013010.0
-0.0007299139601859882,0.006754297831238262,0.005859013101614155,1014010.0
-0.0007496825560041791,0.006754681257778844,0.0058475647975139025,1015010.0
-0.000738925882385842,0.006760997520861613,0.005825141730845701,1016010.0
-0.0007249050050928456,0.006780844189804533,0.005827980046244688,1017010.0
-0.0006981646798058921,0.006749928595196369,0.005825904781732412,1018010.0
-0.0007094804591543685,0.006739972314039076,0.0058063106115149475,1019010.0
-0.0006897154429034799,0.00675923344737444,0.005815351480596398,1020010.0
-0.0006763327693546927,0.006752804590762632,0.0058098831080200305,1021010.0
-0.0006606142182267763,0.006802183806237087,0.005825366725371281,1022010.0
-0.0006555824191819547,0.006805866731935613,0.005828022919838989,1023010.0
-0.0006363361701750308,0.006782965403195875,0.0057885284113507055,1024010.0
-0.0006262301160532458,0.006785668623910839,0.0057734737776212386,1025010.0
-0.0006061598291871243,0.006768481723990619,0.005767696993925289,1026010.0
-0.0006152870297564916,0.00678231944116994,0.005762516388884787,1027010.0
-0.0006596120878039815,0.006800714728032567,0.005774485511848635,1028010.0
-0.000644772192946053,0.006802820037568269,0.005788584174929973,1029010.0
-0.0006738597672060664,0.006781913023810359,0.005799628149432753,1030010.0
-0.0006522342603867898,0.006810488917741794,0.0057797005162204575,1031010.0
-0.0006533372082161685,0.006783318361625613,0.005767170518894268,1032010.0
-0.0006648968921651923,0.006806142799618586,0.0057473424755670995,1033010.0
-0.0006612039390171615,0.006800862365198474,0.0057384715737352375,1034010.0
-0.0006820370141344061,0.006800971141742291,0.005746635165664301,1035010.0
-0.000640859540777172,0.006788516041439595,0.005754131246729729,1036010.0
-0.0006541031674205354,0.006811502384653179,0.0057959976344042095,1037010.0
-0.0006518493409146365,0.006801393371684555,0.005781428147674168,1038010.0
-0.0006641270797185217,0.00679195537024113,0.005803323802595844,1039010.0
-0.000677201471899623,0.006794490569350113,0.005779875749184134,1040010.0
-0.000684247294892946,0.006790667733687384,0.005770368408738918,1041010.0
-0.0006908244712031802,0.006787509717374564,0.005769134566231279,1042010.0
-0.0006993851671855347,0.006765830599666913,0.005793251869892879,1043010.0
-0.0006802017524793513,0.006816360196064985,0.00579237764174686,1044010.0
-0.0006654689412968629,0.006857285921591767,0.005808389472764433,1045010.0
-0.0006656845720640919,0.006847530034294769,0.005826318006373038,1046010.0
-0.0006980223329971259,0.006828295651027621,0.005830875377689441,1047010.0
-0.000691565854263631,0.0068076220882241755,0.005871084252413134,1048010.0
-0.0006823560235620388,0.006789101775118211,0.005861732153980177,1049010.0
-0.0006670121727742355,0.006770905923392744,0.0058801602976916575,1050010.0
-0.0006669509643670727,0.0067712867189876815,0.005892696072876956,1051010.0
-0.0006625881093626862,0.00678605288255357,0.005911612090033013,1052010.0
-0.0006771961746030444,0.006814158506178535,0.005908036559681089,1053010.0
-0.0007038112626217918,0.006841681144808042,0.005906780733532135,1054010.0
-0.0007160058305315818,0.006827763519809306,0.00590144280181911,1055010.0
-0.0007390373606310388,0.006808529363124494,0.005871387397925001,1056010.0
-0.0007641844662155408,0.006832251742785483,0.0058807453806507875,1057010.0
-0.0007865886081215057,0.006845730298898339,0.0058900284663075345,1058010.0
-0.0007815355356268932,0.006863406691371923,0.005900132142277409,1059010.0
-0.0007900029984081157,0.006869514790502059,0.005900246450334833,1060010.0
-0.000791062051294022,0.006875118362539273,0.005905132493001747,1061010.0
-0.0007740565853899566,0.006855868467138193,0.005908708096174842,1062010.0
-0.0007923790462876825,0.006871000586925291,0.005885017222796887,1063010.0
-0.0008055019870052686,0.006879329032513002,0.005868217698832395,1064010.0
-0.000823358616320184,0.006871583760154447,0.0058844051986602095,1065010.0
-0.0008599382450978291,0.006896679873750087,0.005883072073712081,1066010.0
-0.0008696748675757357,0.006876894121196235,0.00589652935551671,1067010.0
-0.000846952625608509,0.006885221779081497,0.005899630515453179,1068010.0
-0.0008557477885510728,0.0068823536931915275,0.005892420139560443,1069010.0
-0.0008635382956658095,0.006871333907384786,0.00588635554850451,1070010.0
-0.0008905292173507539,0.0068491530179120635,0.005888887323275854,1071010.0
-0.000858275294938657,0.006868375805619868,0.005862288596292045,1072010.0
-0.0008243942885166755,0.006884756573489868,0.005894807607934695,1073010.0
-0.0008148803195519626,0.006896482117152587,0.005873270337794689,1074010.0
-0.0008040557332810118,0.00688950028033944,0.0058631791135643685,1075010.0
-0.0007989287787085865,0.006857365615685913,0.0058412878255395,1076010.0
-0.0007959923591674105,0.0068709026519074585,0.005861321383936115,1077010.0
-0.0007929234734142458,0.0068696117942784645,0.005828181609435785,1078010.0
-0.0007991111983023509,0.006863457590742264,0.005820257203718712,1079010.0
-0.0008091091364898431,0.006878762618227344,0.005836557733039729,1080010.0
-0.0008177725004300383,0.006901217688629467,0.005822285692682752,1081010.0
-0.0008067148922497418,0.006916600362995991,0.005792887144576839,1082010.0
-0.0008036323893075986,0.006927682712249673,0.005819534564511436,1083010.0
-0.0007737241926353022,0.006949283884233576,0.0058274224486301335,1084010.0
-0.0007521152166741651,0.006959556030838058,0.005845673235190727,1085010.0
-0.0007473540690682319,0.00690677209217594,0.005842732624824068,1086010.0
-0.0006991818450341432,0.00690209384380798,0.005835688975428447,1087010.0
-0.0007269110496097783,0.006901895491857062,0.00582702611906019,1088010.0
-0.0007801444127256686,0.006888481228074895,0.005819810946248837,1089010.0
-0.0007769534680913283,0.006892225713437532,0.005813892862863689,1090010.0
-0.0007763969006906204,0.006882377553213651,0.005813654846700009,1091010.0
-0.0007665750841719078,0.006891795625006735,0.005860037004635241,1092010.0
-0.0007689678075423066,0.006902753350862054,0.0058719307018700465,1093010.0
-0.0007790381493844047,0.006922431024344916,0.00587935822059872,1094010.0
-0.0007881579885033772,0.006901243589796571,0.00590041038290831,1095010.0
-0.0007911566774382153,0.006912310926324679,0.005911818435314709,1096010.0
-0.0008017528476196692,0.006894967763101083,0.005918425969450645,1097010.0
-0.0008047211779163038,0.006894210199022912,0.005937324187601862,1098010.0
-0.0007542373151532143,0.006885419069002435,0.005894157733314812,1099010.0
-0.0007553525393056287,0.006887142789325625,0.005871420227494833,1100010.0
-0.0008029874201857532,0.0068903752607704805,0.005866453583343168,1101010.0
-0.0008238936124248413,0.006922090924160417,0.005865801300786074,1102010.0
-0.0008675126545746046,0.006932894684839701,0.005866730564168921,1103010.0
-0.0008735304765616855,0.006945380771100573,0.005873212446562832,1104010.0
-0.0009148331255163088,0.006927272477510091,0.00589039607850004,1105010.0
-0.0009219095995719391,0.006893985180474982,0.005927566245999338,1106010.0
-0.0009452354839762062,0.006923500377541492,0.0059361991769715135,1107010.0
-0.0009412136352575121,0.006907346438339222,0.005965371181274511,1108010.0
-0.0009523458048647087,0.006926271994182619,0.005971107016809504,1109010.0
-0.000933465790920412,0.006905451914705561,0.005988322866159553,1110010.0
-0.0009499503087881323,0.0069292205467862324,0.005971273997801029,1111010.0
-0.0009263030266944114,0.006976838916432899,0.006006004585434515,1112010.0
-0.0009234062003266632,0.006991840937864912,0.0059950069869688346,1113010.0
-0.00087489782239,0.0070026030486295835,0.005980549269907026,1114010.0
-0.0008738151557023579,0.006999053540953139,0.005960236687083524,1115010.0
-0.000861971875804671,0.007049107225017066,0.005987993770247307,1116010.0
-0.0008758259207117752,0.0070433942818978424,0.005987513190603287,1117010.0
-0.0008739107113624329,0.007070220741579333,0.005972416353273206,1118010.0
-0.0008647331696812185,0.007054374079001964,0.006012004914197425,1119010.0
-0.000912264839178972,0.007040819296861294,0.0060008711268454,1120010.0
-0.0009225298753325208,0.0070862491655873106,0.0059961270953757025,1121010.0
-0.0009181308753522311,0.00712536089063617,0.006009916757764945,1122010.0
-0.0009381465029883326,0.007135889465666961,0.006015118842759555,1123010.0
-0.0009464187029945934,0.007181866987732093,0.005998939345730871,1124010.0
-0.000970555538923316,0.007195456449738487,0.00600591150510818,1125010.0
-0.0009765980542700851,0.007195522518198181,0.0059994446225496816,1126010.0
-0.0009355784078022456,0.007198992806580919,0.005987601738855898,1127010.0
-0.0009457690405592365,0.007189135511229848,0.005980416801130372,1128010.0
-0.00096151129707026,0.0072080486906078885,0.005973498623450559,1129010.0
-0.0009717329566875062,0.007173358680905164,0.005943836913887058,1130010.0
-0.0009381447362848168,0.007167404484000548,0.005969226292384297,1131010.0
-0.0009609599544428461,0.007178619950836098,0.005977390869765261,1132010.0
-0.0009320423718137774,0.007215500308141365,0.006001702949341741,1133010.0
-0.0009265407205856149,0.007202216773062782,0.006006218698201569,1134010.0
-0.0009138165759394083,0.007207143677075547,0.006026768014109384,1135010.0
-0.0009056386530493601,0.007191834840675784,0.006029643179149854,1136010.0
-0.0009186297525844487,0.00721150088655262,0.006045052642141583,1137010.0
-0.0009262685673351663,0.007218859632590133,0.0060319110318883306,1138010.0
-0.0009723737601610766,0.007204750383052299,0.006058395011138183,1139010.0
-0.0009614109029826369,0.007195723551979317,0.006030473632614201,1140010.0
-0.00094286107273358,0.007189391654412619,0.006004452912343905,1141010.0
-0.0009425108111716466,0.0071567011665883765,0.00599776389611965,1142010.0
-0.0009351377399605153,0.007119953851894765,0.005999087381657397,1143010.0
-0.0009383603639706433,0.0071234649269704495,0.0059911744595575744,1144010.0
-0.0008905322579749053,0.007148128093634228,0.005988567194531854,1145010.0
-0.0008750369696254012,0.0071629978823880966,0.006006678138784108,1146010.0
-0.000874600349613712,0.007165707455559942,0.006024304361211352,1147010.0
-0.0009097069006428227,0.007176249117538387,0.006076013816875659,1148010.0
-0.0008840108025654076,0.007219101299004514,0.0060812450032496045,1149010.0
-0.0008795476352883102,0.007218220750077491,0.006086763183064185,1150010.0
-0.0008702380920645305,0.007240980254802988,0.006109312491720298,1151010.0
-0.0008543715624892349,0.007229334366409181,0.006115731419560563,1152010.0
-0.0008476451786636477,0.007230003929564539,0.006089311498157501,1153010.0
-0.000847233072924735,0.007206596961422738,0.0060793366821162926,1154010.0
-0.0008355809478732191,0.007217714772178441,0.0060722634513802505,1155010.0
-0.000853566256976045,0.007192202742613526,0.006045510849730272,1156010.0
-0.0008133960743017097,0.007177445291419289,0.006089705077896764,1157010.0
-0.0008009976735529289,0.007192069375119182,0.006077532514265249,1158010.0
-0.0008018728503281331,0.007183867360266405,0.0060747246415236685,1159010.0
-0.0008231473811926147,0.007177851771033948,0.006040409568836769,1160010.0
-0.0008062054570905918,0.0071809510563378785,0.006028547638656396,1161010.0
-0.000860787179897628,0.0071830379123917045,0.006025016119645749,1162010.0
-0.0008577509488930584,0.007165841856056737,0.00605953150025355,1163010.0
-0.0008619218389966791,0.007167550153196977,0.006062451850586684,1164010.0
-0.0008492296794633282,0.007130553214819075,0.0060814117113168285,1165010.0
-0.000844577475103391,0.007108859334766045,0.0060780989568741325,1166010.0
-0.0008786184068512469,0.007140937581003122,0.006103326627252388,1167010.0
-0.000862509097150329,0.007149050224846259,0.006131246790376741,1168010.0
-0.0008851113786450463,0.0071257300113308775,0.006138957345770747,1169010.0
-0.000866408499543235,0.007107254769321895,0.0061188433209054555,1170010.0
-0.0008432607042489346,0.007093116905333225,0.00613659300118743,1171010.0
-0.0008308526434301387,0.007063986157319091,0.006166204381853198,1172010.0
-0.0008363827171658386,0.0070783720340533264,0.006154677374076123,1173010.0
-0.0008779047840033012,0.00711949296183401,0.0061667256374286356,1174010.0
-0.0008826132156788195,0.007098680444479934,0.00616945139729219,1175010.0
-0.000895072479725582,0.007100987756427009,0.0061441181490990045,1176010.0
-0.0009283849753450192,0.007107078729873685,0.006136694584817134,1177010.0
-0.0009373228680614015,0.007140132160158014,0.006152525426224173,1178010.0
-0.000937725868172611,0.0071388387834358455,0.006161579298640998,1179010.0
-0.000989866696024793,0.0071468229634642135,0.006181049119521874,1180010.0
-0.0010031391361281976,0.007120977720643223,0.006213861152237466,1181010.0
